1231 12 3 123 123
123 12 3 31 23 12123 123 12 42 
5 25 345 34
534 5345 345 34 5345 345 34
345 345 34 23 1 313 123
12 31 434 6 6 678 5 74 6 645 6
3 13 12 31 23 12 3 123 234 234 
56 456 45 6 456 45 6 352 4 13 24 23 2 34 235 34 5 23
45 6 456 45 645 6 2 34 13 424 23 4 2
567 68 679 8 8 678 34 2 656 132 2131 1231 342 1 121 3
123 87 87 87 123 12 12 213 1231 12 123 321 42 412 21
87 232 241 424 421 421 21 42 32 423 421 121 23 43 12 3
45 456 123 213 211 23 42 434 434 12 43 123 34 123 523 341
23434 345 345 67 567 58 678 678 6123 23 3 23 2 23 123 2421 23 12